function g2d = getGaussParameter(p)
one_third = 1./3;
two_third= 2./3;
one_sixth = 1./6;

switch p
    case 1
% Order = 1
g2d = [
  one_third, one_third, one_third, 1.0
];
    case 3
% Order = 2
  g2d = ...
[
  two_third, one_sixth, one_sixth, one_third
  one_sixth, two_third, one_sixth, one_third
  one_sixth, one_sixth, two_third, one_third
];
    case 4
% Order = 3
  g2d =...
[
  one_third, one_third, one_third, -0.5625
  0.6, 0.2, 0.2, 0.520833333333333
  0.2, 0.6, 0.2, 0.520833333333333
  0.2, 0.2, 0.6, 0.520833333333333
];
    case 6
% added by Marinos N. Vouvakis & Seung-Cheol Lee 08/12/02
% Order = 4
 g6_a  = 0.816847572980459;
 g6_b  = ( 1.0 - g6_a ) / 2.0;
 g6_c  = 0.108103018168070;
 g6_d  = ( 1.0 - g6_c ) / 2.0;
 g6_W1 = 0.109951743655322;
 g6_W2 = 0.223381589678011;

  g2d= ...
[
  g6_a, g6_b, g6_b, g6_W1 
  g6_b, g6_a, g6_b, g6_W1 
  g6_b, g6_b, g6_a, g6_W1 

  g6_c, g6_d, g6_d, g6_W2 
  g6_d, g6_c, g6_d, g6_W2 
  g6_d, g6_d, g6_c, g6_W2
];

    case 7
% Order = 5
  g2d = ...
[
  one_third, one_third, one_third, 0.225033000033
  0.797426985353087, 0.101286507323456, 0.101286507323456, 0.125939180544827
  0.101286507323456, 0.797426985353087, 0.101286507323456, 0.125939180544827
  0.101286507323456, 0.101286507323456, 0.797426985353087, 0.125939180544827
  0.470142064105115, 0.470142064105115, 0.059715871789770, 0.132394152788506
  0.059715871789770, 0.470142064105115, 0.470142064105115, 0.132394152788506
  0.470142064105115, 0.059715871789770, 0.470142064105115, 0.132394152788506
];
    case 9
%          Order = 5
 g9_a= 0.437525248383384;
 g9_b= 1.0 - 2.0 * g9_a;
 g9_c= 0.797112651860071;
 g9_d= 0.165409927389841;
 g9_e= 1.0 - g9_c - g9_d;
 g9_W1= 0.205950504760887;
 g9_W2= 0.063691414286223;

 g2d = ...
[
  g9_b, g9_a, g9_a, g9_W1 
  g9_a, g9_b, g9_a, g9_W1 
  g9_a, g9_a, g9_b, g9_W1 

  g9_c, g9_d, g9_e, g9_W2 
  g9_c, g9_e, g9_d, g9_W2 
  g9_d, g9_c, g9_e, g9_W2 
  g9_d, g9_e, g9_c, g9_W2 
  g9_e, g9_c, g9_d, g9_W2 
  g9_e, g9_d, g9_c, g9_W2
];
    case 12
%          Order = 6
g12_a= 0.063089014491502;
g12_b= 1.0 - 2.0 * g12_a;
g12_c= 0.249286745170910;
g12_d= 1.0 - 2.0 * g12_c;
g12_e= 0.636502499121399;
g12_f= 0.310352451033785;
g12_g= 1.0 - g12_e - g12_f;
g12_W1= 0.050844906370207;
g12_W2 =0.116786275726379;
g12_W3= 0.082851075618374;

g2d = ...
[  
  g12_b, g12_a, g12_a, g12_W1 
  g12_a, g12_b, g12_a, g12_W1 
  g12_a, g12_a, g12_b, g12_W1 

  g12_d, g12_c, g12_c, g12_W2 
  g12_c, g12_d, g12_c, g12_W2 
  g12_c, g12_c, g12_d, g12_W2 

  g12_e, g12_f, g12_g, g12_W3 
  g12_e, g12_g, g12_f, g12_W3 
  g12_f, g12_e, g12_g, g12_W3 
  
  g12_f, g12_g, g12_e, g12_W3 
  g12_g, g12_e, g12_f, g12_W3 
  g12_g, g12_f, g12_e, g12_W3
];
    case 13
%  Order = 7
g13_a= 0.638444188569809;
g13_b= 0.312865496004875;
g13_c= 0.048690315425316;

g2d = ...
[
  one_third, one_third, one_third, -0.149570044467670
  0.479308067841923, 0.260345966079038, 0.260345966079038, 0.175615257433204
  0.260345966079038, 0.479308067841923, 0.260345966079038, 0.175615257433204
  0.260345966079038, 0.260345966079038, 0.479308067841923, 0.175615257433204  
  
  0.869739794195568, 0.065130102902216, 0.065130102902216, 0.053347235608839
  0.065130102902216, 0.869739794195568, 0.065130102902216, 0.053347235608839  
  0.065130102902216, 0.065130102902216, 0.869739794195568, 0.053347235608839

  g13_a, g13_b, g13_c, 0.077113760890257
  g13_a, g13_c, g13_b, 0.077113760890257
  g13_b, g13_a, g13_c, 0.077113760890257
  g13_b, g13_c, g13_a, 0.077113760890257
  g13_c, g13_a, g13_b, 0.077113760890257
  g13_c, g13_b, g13_a, 0.077113760890257
];
    case 16
%    Order = 8
g16_z0_2= 0.04666912123569507;  
g16_z1_2= 0.4766654393821525;
g16_z2_2= 0.4766654393821525;

g16_z0_3 =0.9324563118910393;
g16_z1_3 =0.03377184405448033;
g16_z2_3 =0.03377184405448033;

g16_z0_4= 0.4593042216691921;
g16_z1_4= 0.2703478891654040;
g16_z2_4= 0.2703478891654040;

g16_z0_5= 0.05146433548666149;
g16_z1_5 =0.7458294907672514;
g16_z2_5 =1. - g16_z0_5 - g16_z1_5;
 
g16_W1= -0.2834183851113958;
g16_W2= 0.2097208857979572/3.;
g16_W3= 0.05127273801480265/3.;
g16_W4= 0.6564896469913506/3.;
g16_W5= 0.3659351143072855/6.;

g2d = ...
[
  one_third, one_third, one_third, g16_W1

  g16_z0_2, g16_z1_2, g16_z1_2, g16_W2
  g16_z1_2, g16_z0_2, g16_z1_2, g16_W2
  g16_z1_2, g16_z1_2, g16_z0_2, g16_W2

  g16_z0_3, g16_z1_3, g16_z1_3, g16_W3
  g16_z1_3, g16_z0_3, g16_z1_3, g16_W3
  g16_z1_3, g16_z1_3, g16_z0_3, g16_W3

  g16_z0_4, g16_z1_4, g16_z1_4, g16_W4
  g16_z1_4, g16_z0_4, g16_z1_4, g16_W4
  g16_z1_4, g16_z1_4, g16_z0_4, g16_W4

  g16_z0_5, g16_z1_5, g16_z2_5, g16_W5
  g16_z0_5, g16_z2_5, g16_z1_5, g16_W5
  g16_z1_5, g16_z0_5, g16_z2_5, g16_W5
  g16_z1_5, g16_z2_5, g16_z0_5, g16_W5
  g16_z2_5, g16_z0_5, g16_z1_5, g16_W5
  g16_z2_5, g16_z1_5, g16_z0_5, g16_W5
];
end